5 666666- 55510555. 265

³ 6666, 6666 6666666666, 666 6 6666 666 555 )16 6666666666
66666 666666 666 6 555 66666666 5555 66 66666, 55 666

66666666666661666. γ ··
555 5st 66 66666 5555 55 6666666666 6666666

3 115. 5555 666 5555555555 55 5555 555555553
‚5535 6.6666,6666666666 5555:

55555555'5555555 666666 5555 66· 66666666666, 6666

5555 66 66666 5555555 555555 5555 6666666, 55 5555 5¹55

5
6666676666 5555 deseri 555' 5555 555.5

55 66666666 5555 6666666661666666666 66 66
66666 5555.. 555 66666 555, 555 66666666 ,6666

55555555555555 666666666666.

15 05555 ,66666666 6666666 55535' ,6666666 666666

66666666 555553 5 666666666666116 55555555 5555

66666 66 66 6 6 66666 555 555 5555'555 555 6666666 ·
555555 5555 55 555555555 55555 5'5555555'55 555555·

5:555 66· 6666 6 555 6 66 55 555555555 666666 5555

555'5555'55 66 6666666 6661666666666666666.
,6666666666666166666666666666666666 5555 Ῐ,

555555555 555555555s5‚555555 66666666666666 .

Ῑ 555555s555555, 555555 66666 666666 666666

² 66, 555555'55555 aggredere 55 5555 55555555,&fi5

³ 666666 66666666666666,, 5553
1663666 666666 555. 555 ,6666 555555 6666666666
‘ rag 666 55 666 55555 555 6666666666 55555555-

‚¹ 5555 ,666666 6666666 66666666 666 3115 666 666 6666
66 555555'311. 555-555 555555555555 55 dm.
³

 

55555'5‘5555· .

