202 DE CVRQQ VVLN, · “Q

Ad aegnt fno1das renum ,
1111111111 1111111111,111111 11111111

&fizxtfragth
1111131111. ca lidasrenum.
1111111111111111, 11111111 1111 ,1111111113111
QQ26 1111111111.
Adaegrit. 1111111111 matricis
1111111111 111111 1111111111, 1111111111
111111 1111111111111111111111,111111’1,1111111,’
Ad 11111111111111111111111,
111111111111111111 ,11111111 111 ,1111111111ι
111111111111111.
11111111111.111111111111111111111111,
1111111111 11111111) 1111111, 11111111 1.111 ,11111111
11111111,,11 111111
111111111111111 111111, 6 1111111111111111111,
111111111111111111111111111111, 6 1111111111
1111111 1111111111111111.
6111111111 1111111, 151111111111111111. ·
111111111111111111111111111111111 1111111111·
111111· 1111111111 1111111111,
fille< 1111111111 ,11111111 111 1111111111111,ό
111111 1111111111 1111111111 1111111111 11111.
111111111111111111111111111111111111,15 cere<
11111111111111.
1111, 1111111111 1111111111 11111 (11111111
111111. ’ ’

11111 111

 

