8 111 11 1 A T 1 o.
11111 velo febri· 111111 genera omnia,&

1111111111 11111111 111· 111111 morbos 1111111
11111,11111·1111111111111111111111111111111,
11111111 1111111111) 1111, docet: Vtrumque
1111111111] 11111111111111 1111111111,11 11110
111111111111111111111111111111,[11111181
Β1111111111111 1111111111111111111111110-
1111110111 11111 110101111111111111111111110,
11111101011111101111111 11111 1111111 111111 1111111
publicae 111111111111111111111111111111111
111111111111111111111111111111111 11111111111111.
1111111111 11111111101111111111111111111111 ‘
111111111111111111111111111111111)1111111111
111111111111111111111111111111111111111111
11111111111111111111,111111111110111111111111
11111111111111 111111111111111511111111111
1101111111Η111111111111,11111 11111111111111
111 [11111111 1111111 1111111111 1111 11111111 11111
[11111111111111111 111111111111111111 11111,
’ 111111111111111111111111101111111111111111-

111111111111111111 111 ,1111111111 111111 ,1111-
¹ 11111111111111111 111,1 111111 111111111111
1111111111111111111111111111111111111111111

1111111-

 

